# Versão simples do jogo

    double[][] intermediateNeurons =
    [
        [-56.933482202470486, 308.8554309279973, -761.4885668332234, -289.4644747579566],
        [150.77592609213684, 300.0518378629072, -922.3477586444404, 148.3763411042844],
        [-837.9899704115165, 952.7711354604207, 802.0985806353433, 182.27643708275787],
        [-512.9015610712986, -943.8229581070236, -554.546756413125, -275.93056996744906],
        [-703.7404224679387, -794.9871977046108, 636.9550430677641, 306.00408283781894],
        [536.7381746683584, -256.0405569633499, -257.1893928844404, -407.48162330693845],
        [146.4082424916985, 127.04313157058368, -399.2910954371191, -977.9968580498935],
        [37.80363351985716, -294.0642963122515, -650.0602065033172, 675.6286804966876]
    ];
    double[][] outputNeurons =
    [
        [-849.1382389572366, -36.48061746194162, 836.0697371222427, -171.67919095893149, -51.99844417518261, 910.5816854888285, -520.7383067843199, 248.67720998556842],
        [749.5668252346213, -949.7220334290886, -152.4750463429532, 561.1923980754602, -928.3592904442162, -136.92260429431724, 275.7029168353463, -465.83870196666805],
        [816.5997920694135, -301.3471895405386, 6.95492391169239, 980.5427803158384, -15.88608952789832, 223.70170873635698, -210.37578160092482, 811.5411466101598],
        [64.81885748715422, -819.9728396069705, -386.6213199551205, 890.5773489267708, -736.3196014848816, 744.9908800347914, -146.28179386178397, 697.556524052623]
    ];

# Versão clássica

    double[][] intermediateNeurons =
    [
        [67.54288818999294, -548.1159192783662, -855.339826182369, -528.9363177984254],
        [887.186117968668, -314.0492025483969, -702.1564386320085, 289.9927501163297],
        [-625.6187526805905, -898.0586544044611, -563.2173702419375, 440.52402377886324],
        [-743.9970521267126, 690.189131209379, -671.7564095537721, -377.6354627482019],
        [108.64483650149873, -726.9321109948754, 569.1573187074075, -292.6640763135897],
        [-82.50682343623248, -194.44043391446382, -915.3888465785485, -575.9550995624913],
        [422.09688066339277, 149.0630581188741, -788.1989987102176, -744.4681708110652],
        [97.06869900806623, 743.3822286286902, 662.8684553649894, 276.60152310758053]
    ];
    double[][] outputNeurons =
    [
        [-503.57092135828066, 909.5157916338417, -717.2236198142683, -793.1364783499062, -672.5053182533098, 923.229028471455, -38.16191087976949, -39.23703663262802],
        [64.60935786973187, 485.4174010121344, 864.2836694278565, -710.8731510232558, 571.9266731496148, 462.72970231238355, -833.7117016719351, -827.7753417442815],
        [-558.8512643647343, -610.5891931722178, 14.918802514423533, -683.9816610408416, 517.9277568339148, 16.22444398184291, 918.4105172529135, 276.35366103940487],
        [-599.4933835593446, 646.3659472914239, -606.9825809223972, 36.27473422909111, -863.7047052110398, -437.7301890106711, 890.1909002417087, -248.99457325010064]
    ];
